86.27240566037736 171.51533018867926 173.0884433962264 
91.165625 158.808125 237.28 
38.862989323843415 86.05871886120997 115.05160142348754 
249.96588419405322 179.80031298904538 0.7126760563380282 
232.7180043383948 238.61315979754158 247.00072306579898 
160.21024390243903 195.65658536585366 237.90926829268292 
138.49596022374146 74.95649471721566 2.8545680546923555 
44.827709611451944 28.220347648261757 7.865541922290388 
251.56716417910448 218.01194029850745 52.8910447761194 
13.75268817204301 121.19792911190761 233.18399044205495 
